0 0.499375 0.297672 0.108750 0.038803
3 0.357812 0.417960 0.151875 0.170732
4 0.638750 0.418514 0.161250 0.176275
5 0.345625 0.600333 0.101250 0.154102
6 0.448125 0.601996 0.097500 0.152993
7 0.550625 0.602550 0.101250 0.151885
8 0.655937 0.602550 0.101875 0.149667
14 0.366250 0.199002 0.088750 0.200665
15 0.636875 0.473947 0.107500 0.054324
15 0.345625 0.646341 0.076250 0.048780
15 0.447500 0.649113 0.068750 0.045455
16 0.636875 0.359756 0.122500 0.049889
16 0.346875 0.550443 0.086250 0.041020
16 0.448437 0.550998 0.085625 0.042129
1 0.496563 0.422949 0.116875 0.180710
16 0.652188 0.550998 0.083125 0.037694
15 0.361563 0.469512 0.101875 0.049889
16 0.359687 0.360310 0.114375 0.046563
15 0.551562 0.648004 0.068125 0.047672
15 0.652813 0.644678 0.074375 0.049889
16 0.549375 0.551552 0.087500 0.041020
