1 0.357812 0.417960 0.151875 0.170732
2 0.638750 0.418514 0.161250 0.176275
3 0.345625 0.600333 0.101250 0.154102
4 0.448125 0.601996 0.097500 0.152993
5 0.550625 0.602550 0.101250 0.151885
6 0.655937 0.602550 0.101875 0.149667
12 0.366250 0.199002 0.088750 0.200665
13 0.636875 0.473947 0.107500 0.054324
13 0.345625 0.646341 0.076250 0.048780
13 0.447500 0.649113 0.068750 0.045455
14 0.636875 0.359756 0.122500 0.049889
14 0.346875 0.550443 0.086250 0.041020
14 0.448437 0.550998 0.085625 0.042129
0 0.496563 0.422949 0.116875 0.180710
14 0.652188 0.550998 0.083125 0.037694
13 0.361563 0.469512 0.101875 0.049889
14 0.359687 0.360310 0.114375 0.046563
13 0.657188 0.646341 0.074375 0.037694
